%YAML:1.0
---
periods: [ 6235, 5929, 6795, 6171, 604800 ]
order: 5
positives: 65
negatives: 135
corrective: .Nan
ModelPositive:
   format: 3
   training_params:
      nclusters: 5
      cov_mat_type: generic
      epsilon: 9.9999999999999995e-07
      iterations: 100
   weights: !!opencv-matrix
      rows: 1
      cols: 5
      dt: d
      data: [ 3.0769230769230771e-01, 2.4615384615384617e-01,
          1.5384615384615385e-01, 7.6923076923076927e-02,
          2.1538461538461540e-01 ]
   means: !!opencv-matrix
      rows: 5
      cols: 11
      dt: d
      data: [ 1., -8.4187043309211740e-01, -4.9790941029787067e-01,
          2.7910864334553481e-01, -9.4223961830139169e-01,
          9.5848783850669868e-03, 9.2135261297225957e-01,
          -6.8322852998971939e-01, -7.0388525873422625e-01,
          9.6472576260566711e-01, 2.6140001639723781e-01, 1.,
          -7.8931500017642975e-01, 5.9268189780414104e-01,
          -9.3487071245908737e-01, 3.0275617068400607e-01,
          -3.6455951107200235e-01, 8.7243515253067017e-01,
          -8.2779845967888832e-01, 5.3947590291500092e-01,
          9.9733364954590797e-01, 6.6151666338555515e-02, 1.,
          -7.5611197669059049e-02, -9.8208039999008179e-01,
          7.1292117834091195e-01, -6.7736893892288208e-01,
          -9.8447886705398568e-01, -7.5248016277328134e-02,
          9.9835170805454260e-02, -9.7960098981857302e-01,
          9.8431521654129028e-01, 1.7640958577394486e-01, 1.,
          4.4851555824279787e-01, -6.6347290277481086e-01,
          2.1747547388076782e-01, 9.1988550424575810e-01,
          -8.4454461336135866e-01, 4.7804786115884784e-01,
          7.6180644705891609e-01, -4.6750731468200685e-01,
          8.6970402002334601e-01, 4.5200761556625368e-01, 1.,
          -9.7589910881859909e-01, 1.3434113172947296e-01,
          -9.3015576260430466e-01, -2.3839092321161712e-01,
          -7.1324848490101944e-01, 6.6952132114342278e-01,
          -9.8016597543443951e-01, 5.8028791898063245e-02,
          9.9656376242637634e-01, 7.7140999691826959e-02 ]
   covs:
      - !!opencv-matrix
         rows: 11
         cols: 11
         dt: d
         data: [ 0., 0., 0., 0., 0., 0., 0., 0., 0., 0., 0., 0.,
             1.1513361491367356e-02, -1.8477388371277294e-02,
             1.2961756800207946e-02, 3.8868816750722611e-03,
             -3.3870928000871076e-02, -7.5949082269549011e-04,
             1.4743946428125869e-02, -1.3731513275492458e-02,
             4.4293565854545123e-04, -1.6310309992730726e-03, 0.,
             -1.8477388371277294e-02, 3.1827033442537588e-02,
             -2.1945324057038102e-02, -6.4725941445382606e-03,
             5.7242973335414588e-02, -1.2531155716894384e-03,
             -2.4267959471874448e-02, 2.3898674035488666e-02,
             -7.4680509109357194e-04, 2.7583401252183250e-03, 0.,
             1.2961756800207946e-02, -2.1945324057038102e-02,
             3.1300335621180612e-02, 9.1950952158660944e-03,
             -1.2989218930166158e-02, 6.8332620356435095e-05,
             1.9338698960113483e-02, -1.8807923581735941e-02,
             -3.7000084037145948e-04, 1.3659617311740100e-03, 0.,
             3.8868816750722611e-03, -6.4725941445382606e-03,
             9.1950952158660944e-03, 2.9825190297641056e-03,
             -3.8450820028970781e-03, 2.6555649212262717e-04,
             5.7959153751417254e-03, -5.5017794699856104e-03,
             -1.1000396813383163e-04, 4.0451490856473720e-04, 0.,
             -3.3870928000871076e-02, 5.7242973335414588e-02,
             -1.2989218930166158e-02, -3.8450820028970781e-03,
             1.4766397000982018e-01, -1.5014498654966877e-03,
             -4.0149577761059090e-02, 3.8956865160461047e-02,
             -2.8222225924796618e-03, 1.0415599725839688e-02, 0.,
             -7.5949082269549011e-04, -1.2531155716894384e-03,
             6.8332620356435095e-05, 2.6555649212262717e-04,
             -1.5014498654966877e-03, 3.3534947668380968e-03,
             -2.7782791642545508e-04, -1.1218320898301395e-03,
             2.6313356603324673e-05, -1.0917975188029061e-04, 0.,
             1.4743946428125869e-02, -2.4267959471874448e-02,
             1.9338698960113483e-02, 5.7959153751417254e-03,
             -4.0149577761059090e-02, -2.7782791642545508e-04,
             1.9421935096426327e-02, -1.8455272197991559e-02,
             4.4302570669985109e-04, -1.6328405503818477e-03, 0.,
             -1.3731513275492458e-02, 2.3898674035488666e-02,
             -1.8807923581735941e-02, -5.5017794699856104e-03,
             3.8956865160461047e-02, -1.1218320898301395e-03,
             -1.8455272197991559e-02, 1.8322376890359007e-02,
             -4.2891548024450723e-04, 1.5852232321126568e-03, 0.,
             4.4293565854545123e-04, -7.4680509109357194e-04,
             -3.7000084037145948e-04, -1.1000396813383163e-04,
             -2.8222225924796618e-03, 2.6313356603324673e-05,
             4.4302570669985109e-04, -4.2891548024450723e-04,
             6.6637719540274537e-05, -2.4592236145071222e-04, 0.,
             -1.6310309992730726e-03, 2.7583401252183250e-03,
             1.3659617311740100e-03, 4.0451490856473720e-04,
             1.0415599725839688e-02, -1.0917975188029061e-04,
             -1.6328405503818477e-03, 1.5852232321126568e-03,
             -2.4592236145071222e-04, 9.0760672095551798e-04 ]
      - !!opencv-matrix
         rows: 11
         cols: 11
         dt: d
         data: [ 0., 0., 0., 0., 0., 0., 0., 0., 0., 0., 0., 0.,
             1.0027268541274337e-02, 1.2369598172675883e-02,
             2.9636679228669527e-03, 1.0635706482485368e-02,
             2.1690704854925403e-02, 7.8726596233134050e-03,
             8.5181285437769261e-03, 1.2294548370218261e-02,
             -5.3827950640517042e-05, 9.7665103219118660e-04, 0.,
             1.2369598172675883e-02, 1.5682735436829069e-02,
             3.7969998532043775e-03, 1.3897978434482332e-02,
             2.6231655646234524e-02, 9.9000852838948550e-03,
             1.0551377686298314e-02, 1.5652085440567148e-02,
             -6.1171018569443347e-05, 1.1105214894782315e-03, 0.,
             2.9636679228669527e-03, 3.7969998532043775e-03,
             2.7936165983230565e-03, 8.8481317735796972e-03,
             -1.8686130734974331e-03, -1.8435471113300572e-03,
             3.1537768818355183e-03, 4.7776274917519235e-03,
             5.3540288312364792e-05, -9.0172012762539003e-04, 0.,
             1.0635706482485368e-02, 1.3897978434482332e-02,
             8.8481317735796972e-03, 3.1561815408607745e-02,
             -4.9344674298422327e-03, -6.9171082551503305e-03,
             1.1071494552245417e-02, 1.7376950745641502e-02,
             1.8542154362967780e-04, -3.0910205589016826e-03, 0.,
             2.1690704854925403e-02, 2.6231655646234524e-02,
             -1.8686130734974331e-03, -4.9344674298422327e-03,
             8.6500251693933522e-02, 3.8846268107344734e-02,
             1.5513153080701133e-02, 2.1076773013443406e-02,
             -4.5665436041675170e-04, 7.9049370959061848e-03, 0.,
             7.8726596233134050e-03, 9.9000852838948550e-03,
             -1.8435471113300572e-03, -6.9171082551503305e-03,
             3.8846268107344734e-02, 1.9453012577431927e-02,
             5.1391262613524891e-03, 7.0037609652696675e-03,
             -2.3242895293096311e-04, 3.9836660258440390e-03, 0.,
             8.5181285437769261e-03, 1.0551377686298314e-02,
             3.1537768818355183e-03, 1.1071494552245417e-02,
             1.5513153080701133e-02, 5.1391262613524891e-03,
             7.4543791837213685e-03, 1.0849076605869257e-02,
             -2.0934405446135229e-05, 4.0641270144267595e-04, 0.,
             1.2294548370218261e-02, 1.5652085440567148e-02,
             4.7776274917519235e-03, 1.7376950745641502e-02,
             2.1076773013443406e-02, 7.0037609652696675e-03,
             1.0849076605869257e-02, 1.6261074034516265e-02,
             -1.7462990279104584e-05, 3.6768934813190767e-04, 0.,
             -5.3827950640517042e-05, -6.1171018569443347e-05,
             5.3540288312364792e-05, 1.8542154362967780e-04,
             -4.5665436041675170e-04, -2.3242895293096311e-04,
             -2.0934405446135229e-05, -1.7462990279104584e-05,
             3.2317441267387670e-06, -5.5280304697511145e-05, 0.,
             9.7665103219118660e-04, 1.1105214894782315e-03,
             -9.0172012762539003e-04, -3.0910205589016826e-03,
             7.9049370959061848e-03, 3.9836660258440390e-03,
             4.0641270144267595e-04, 3.6768934813190767e-04,
             -5.5280304697511145e-05, 9.4631229029752662e-04 ]
      - !!opencv-matrix
         rows: 11
         cols: 11
         dt: d
         data: [ 0., 0., 0., 0., 0., 0., 0., 0., 0., 0., 0., 0.,
             2.9453256302698717e-02, -2.2542096295378507e-03,
             2.1365879535204690e-02, 2.2508741685255934e-02,
             2.0798829489218694e-03, -2.7063468637209993e-02,
             2.9685065122384093e-02, 3.0390589594477928e-03,
             -5.4204481260167194e-05, 3.0243801156609561e-04, 0.,
             -2.2542096295378507e-03, 3.4778243522097800e-04,
             -1.7849770688815880e-03, -1.5999431843617630e-03,
             -1.3284722828288410e-05, 2.0948596207843620e-03,
             -2.3035541119823307e-03, -5.6531933955739079e-05,
             4.1548215442333006e-06, -2.3288194445569842e-05, 0.,
             2.1365879535204690e-02, -1.7849770688815880e-03,
             1.5627097231776476e-02, 1.6223326166649701e-02,
             1.3841269654920297e-03, -1.9652406475438894e-02,
             2.1561039222669800e-02, 2.0541583257999464e-03,
             -3.9326129294536831e-05, 2.1951372489322553e-04, 0.,
             2.2508741685255934e-02, -1.5999431843617630e-03,
             1.6223326166649701e-02, 1.7287611770468204e-02,
             1.6916885011617922e-03, -2.0665916641710923e-02,
             2.2663757243537114e-02, 2.4458391089662969e-03,
             -4.1419645832618814e-05, 2.3102975921132087e-04, 0.,
             2.0798829489218694e-03, -1.3284722828288410e-05,
             1.3841269654920297e-03, 1.6916885011617922e-03,
             2.6833412106142874e-04, -1.8915179060089438e-03,
             2.0699431304063063e-03, 3.6117848025675415e-04,
             -3.8225114668222209e-06, 2.1239704868349921e-05, 0.,
             -2.7063468637209993e-02, 2.0948596207843620e-03,
             -1.9652406475438894e-02, -2.0665916641710923e-02,
             -1.8915179060089438e-03, 2.4870758390333626e-02,
             -2.7280714766935277e-02, -2.7688135154073593e-03,
             4.9807373486457364e-05, -2.7791827542989725e-04, 0.,
             2.9685065122384093e-02, -2.3035541119823307e-03,
             2.1561039222669800e-02, 2.2663757243537114e-02,
             2.0699431304063063e-03, -2.7280714766935277e-02,
             2.9924397331764642e-02, 3.0312291372301160e-03,
             -5.4632207639038201e-05, 3.0484366613690921e-04, 0.,
             3.0390589594477928e-03, -5.6531933955739079e-05,
             2.0541583257999464e-03, 2.4458391089662969e-03,
             3.6117848025675415e-04, -2.7688135154073593e-03,
             3.0312291372301160e-03, 4.9045094939273784e-04,
             -5.5866474472310306e-06, 3.1064581830761995e-05, 0.,
             -5.4204481260167194e-05, 4.1548215442333006e-06,
             -3.9326129294536831e-05, -4.1419645832618814e-05,
             -3.8225114668222209e-06, 4.9807373486457364e-05,
             -5.4632207639038201e-05, -5.5866474472310306e-06,
             9.9757140503697886e-08, -5.5660641491428479e-07, 0.,
             3.0243801156609561e-04, -2.3288194445569842e-05,
             2.1951372489322553e-04, 2.3102975921132087e-04,
             2.1239704868349921e-05, -2.7791827542989725e-04,
             3.0484366613690921e-04, 3.1064581830761995e-05,
             -5.5660641491428479e-07, 3.1057135606560323e-06 ]
      - !!opencv-matrix
         rows: 11
         cols: 11
         dt: d
         data: [ 0., 0., 0., 0., 0., 0., 0., 0., 0., 0., 0., 0.,
             3.5658704943947805e-01, 3.5132300205272327e-03,
             1.8833380093341245e-01, 5.0114857533461081e-03,
             4.4819485108918970e-02, 1.3029075084364303e-01,
             2.1298362206370128e-01, 1.6056562785835021e-01,
             6.9731372640087552e-02, -9.5309077752112822e-02, 0.,
             3.5132300205272327e-03, 2.0504460344304225e-03,
             -1.7405826500013427e-03, 1.1032866026744160e-03,
             -1.2547006429716135e-03, -1.3883889305339636e-03,
             1.9415635659074230e-03, 3.3571117174352595e-03,
             3.2433553570797367e-04, -4.3153219241752065e-04, 0.,
             1.8833380093341245e-01, -1.7405826500013427e-03,
             1.0588867040893107e-01, 7.6245910622247954e-04,
             2.6701960281836180e-02, 7.3582799840847687e-02,
             1.1276702962850085e-01, 8.1637298584636586e-02,
             3.7476927114088100e-02, -5.1244602770903397e-02, 0.,
             5.0114857533461081e-03, 1.1032866026744160e-03,
             7.6245910622247954e-04, 6.2640409502478188e-04,
             -2.6182616926632822e-04, 4.3168356355270269e-04,
             2.9129708515374555e-03, 3.1843580629262649e-03,
             7.8941706068974332e-04, -1.0728090681116954e-03, 0.,
             4.4819485108918970e-02, -1.2547006429716135e-03,
             2.6701960281836180e-02, -2.6182616926632822e-04,
             7.0655365918946694e-03, 1.8627130204982890e-02,
             2.6900261860309405e-02, 1.8688076537475670e-02,
             9.0706928850582350e-03, -1.2407773401415200e-02, 0.,
             1.3029075084364303e-01, -1.3883889305339636e-03,
             7.3582799840847687e-02, 4.3168356355270269e-04,
             1.8627130204982890e-02, 5.1149096459712079e-02,
             7.8027600406289713e-02, 5.6315023772110874e-02,
             2.5959866158404329e-02, -3.5497643360925459e-02, 0.,
             2.1298362206370128e-01, 1.9415635659074230e-03,
             1.1276702962850085e-01, 2.9129708515374555e-03,
             2.6900261860309405e-02, 7.8027600406289713e-02,
             1.2722441342268451e-01, 9.5765012264594301e-02,
             4.1677297064877772e-02, -5.6965582349482215e-02, 0.,
             1.6056562785835021e-01, 3.3571117174352595e-03,
             8.1637298584636586e-02, 3.1843580629262649e-03,
             1.8688076537475670e-02, 5.6315023772110874e-02,
             9.5765012264594301e-02, 7.3863456329470487e-02,
             3.1079637359506196e-02, -4.2469389818898307e-02, 0.,
             6.9731372640087552e-02, 3.2433553570797367e-04,
             3.7476927114088100e-02, 7.8941706068974332e-04,
             9.0706928850582350e-03, 2.5959866158404329e-02,
             4.1677297064877772e-02, 3.1079637359506196e-02,
             1.3701565122551643e-02, -1.8729466584799608e-02, 0.,
             -9.5309077752112822e-02, -4.3153219241752065e-04,
             -5.1244602770903397e-02, -1.0728090681116954e-03,
             -1.2407773401415200e-02, -3.5497643360925459e-02,
             -5.6965582349482215e-02, -4.2469389818898307e-02,
             -1.8729466584799608e-02, 2.5602466086981013e-02 ]
      - !!opencv-matrix
         rows: 11
         cols: 11
         dt: d
         data: [ 0., 0., 0., 0., 0., 0., 0., 0., 0., 0., 0., 0.,
             4.4359551786897966e-04, 2.8219294022378116e-03,
             -8.8686028148955221e-04, 4.1582506579597826e-03,
             5.3254349007497584e-04, 2.0644122872076279e-04,
             2.4908534484384767e-04, 3.1341816638576791e-03,
             1.8894008792561374e-05, -2.9204886261003044e-04, 0.,
             2.8219294022378116e-03, 2.9129804342674055e-02,
             -1.1610521172899547e-02, 4.0592708785685654e-02,
             6.7616785674966557e-03, 4.0101178633653225e-03,
             5.7773679014768559e-04, 3.1934574827547441e-02,
             1.7899537169439769e-04, -2.7291794552699237e-03, 0.,
             -8.8686028148955221e-04, -1.1610521172899547e-02,
             5.1159426223468156e-03, -1.6751394012139636e-02,
             -2.0034201949527554e-03, -7.1600725766652912e-04,
             2.5182279935323203e-05, -1.2852981665965657e-02,
             -8.0528893652446042e-05, 1.2283190981297813e-03, 0.,
             4.1582506579597826e-03, 4.0592708785685654e-02,
             -1.6751394012139636e-02, 7.2864071981835435e-02,
             -8.1167888376207729e-03, -1.3214744439555554e-02,
             1.6820955933530880e-03, 4.7728722705297440e-02,
             4.5152476785937208e-04, -7.0548861836163155e-03, 0.,
             5.3254349007497584e-04, 6.7616785674966557e-03,
             -2.0034201949527554e-03, -8.1167888376207729e-03,
             2.0628408618339252e-02, 2.1121173739805533e-02,
             -6.9816538979063526e-04, 3.9411472284555599e-03,
             -1.7659418046640188e-04, 2.8777706942038515e-03, 0.,
             2.0644122872076279e-04, 4.0101178633653225e-03,
             -7.1600725766652912e-04, -1.3214744439555554e-02,
             2.1121173739805533e-02, 2.2389394004823052e-02,
             -8.2715724785758951e-04, 6.6548718855377923e-04,
             -2.0936190799090786e-04, 3.3848673275705100e-03, 0.,
             2.4908534484384767e-04, 5.7773679014768559e-04,
             2.5182279935323203e-05, 1.6820955933530880e-03,
             -6.9816538979063526e-04, -8.2715724785758951e-04,
             2.5839450317906835e-04, 8.0155258162748909e-04,
             1.3026397494897424e-05, -2.1011489416323143e-04, 0.,
             3.1341816638576791e-03, 3.1934574827547441e-02,
             -1.2852981665965657e-02, 4.7728722705297440e-02,
             3.9411472284555599e-03, 6.6548718855377923e-04,
             8.0155258162748909e-04, 3.5648922346286117e-02,
             2.3629534338551590e-04, -3.6363977475837284e-03, 0.,
             1.8894008792561374e-05, 1.7899537169439769e-04,
             -8.0528893652446042e-05, 4.5152476785937208e-04,
             -1.7659418046640188e-04, -2.0936190799090786e-04,
             1.3026397494897424e-05, 2.3629534338551590e-04,
             3.6158020875833226e-06, -5.7224210260188783e-05, 0.,
             -2.9204886261003044e-04, -2.7291794552699237e-03,
             1.2283190981297813e-03, -7.0548861836163155e-03,
             2.8777706942038515e-03, 3.3848673275705100e-03,
             -2.1011489416323143e-04, -3.6363977475837284e-03,
             -5.7224210260188783e-05, 9.0631622182161631e-04 ]
ModelNegative:
   format: 3
   training_params:
      nclusters: 5
      cov_mat_type: generic
      epsilon: 9.9999999999999995e-07
      iterations: 100
   weights: !!opencv-matrix
      rows: 1
      cols: 5
      dt: d
      data: [ 1.7037037037037037e-01, 2.1481481481481482e-01,
          2.9629629629629628e-01, 1.7037037037037037e-01,
          1.4814814814814814e-01 ]
   means: !!opencv-matrix
      rows: 5
      cols: 11
      dt: d
      data: [ 0., 4.9337774709514948e-01, 8.3886972976767493e-01,
          -7.7613969730294263e-01, -4.2533783019398863e-01,
          -8.9976689089899475e-01, -1.8871650747630905e-02,
          7.6003363760917082e-03, 9.6357824232267297e-01,
          8.6574501835781592e-01, 4.9620169789894764e-01, 0.,
          -8.8016215069540615e-01, -3.3030258088597447e-01,
          4.8160664120624802e-01, 5.9154196160620653e-01,
          -5.6392402805644892e-01, -4.1382702343679706e-01,
          -4.1598545708532991e-01, -8.2492906369011976e-01,
          7.3158219559439297e-01, 6.7352748533775064e-01, 0.,
          8.5690793618559846e-01, -1.8861971697770069e-01,
          -6.9396528620272879e-01, -1.3897059722803534e-01,
          8.6463782712817194e-01, 3.5376188955269755e-01,
          7.4761510659009223e-01, 4.0637798011302950e-01,
          7.5638856738805771e-01, 6.5051477700471882e-01, 0.,
          9.4913097049878992e-01, 1.9372281173001164e-02,
          -4.2582573733575962e-01, 7.9493488047433936e-01,
          -9.6910711475040601e-01, 1.0348030017769855e-01,
          8.5545055244279944e-01, 3.9362450431951362e-01,
          9.1722626271455177e-01, 3.9707363040550891e-01, 0.,
          -1.1344055756926537e-01, -9.6391579806804661e-01,
          7.7219943851232531e-01, 4.1675278814509514e-01,
          1.6214263439178467e-01, 3.2629332691431040e-01,
          3.1085392183158550e-01, -9.3337180912494666e-01,
          8.9904767870903024e-01, 4.1889173835515980e-01 ]
   covs:
      - !!opencv-matrix
         rows: 11
         cols: 11
         dt: d
         data: [ 0., 0., 0., 0., 0., 0., 0., 0., 0., 0., 0., 0.,
             3.7586216364106036e-02, -2.3099483353614291e-02,
             -3.3066428430558840e-02, 6.2399414763907410e-02,
             -4.0694411205567348e-03, -6.6588961194966297e-03,
             4.9927365696062140e-02, -1.4815207259616990e-03,
             3.1695278887347014e-03, -5.4362882921531099e-03, 0.,
             -2.3099483353614291e-02, 1.5289764108090603e-02,
             1.8687391638010305e-02, -4.0535892532691284e-02,
             3.9337571939865755e-03, 4.3473863970185447e-03,
             -3.1340788521955439e-02, 2.1741982139388983e-03,
             -2.0063317145262026e-03, 3.4474532994935563e-03, 0.,
             -3.3066428430558840e-02, 1.8687391638010305e-02,
             5.7273595372706966e-02, -8.6089991096138199e-02,
             -9.9674040911915378e-04, 7.2486355132523050e-02,
             -5.1704586887089864e-02, -1.4004566212620678e-03,
             -7.1818596798862398e-03, 1.2273605547508911e-02, 0.,
             6.2399414763907410e-02, -4.0535892532691284e-02,
             -8.6089991096138199e-02, 1.5942130161504911e-01,
             -1.0430883208085242e-02, -1.0808406946322556e-01,
             9.6859014558555709e-02, -4.4369303114381153e-03,
             1.1819646520819838e-02, -2.0247233161407852e-02, 0.,
             -4.0694411205567348e-03, 3.9337571939865755e-03,
             -9.9674040911915378e-04, -1.0430883208085242e-02,
             5.6657905895116639e-03, -7.3113113745415216e-05,
             -6.1462560179198870e-03, 2.3078694601953156e-03,
             -3.3418914388784894e-04, 5.9168672725319193e-04, 0.,
             -6.6588961194966297e-03, 4.3473863970185447e-03,
             7.2486355132523050e-02, -1.0808406946322556e-01,
             -7.3113113745415216e-05, 1.8439762015651043e-01,
             -3.2995547545591628e-02, -8.7156942378006615e-04,
             -1.2806663949444718e-02, 2.1887159292854320e-02, 0.,
             4.9927365696062140e-02, -3.1340788521955439e-02,
             -5.1704586887089864e-02, 9.6859014558555709e-02,
             -6.1462560179198870e-03, -3.2995547545591628e-02,
             6.9859440621794916e-02, -2.5438288019414010e-03,
             5.8476902651246592e-03, -1.0023160942301662e-02, 0.,
             -1.4815207259616990e-03, 2.1741982139388983e-03,
             -1.4004566212620678e-03, -4.4369303114381153e-03,
             2.3078694601953156e-03, -8.7156942378006615e-04,
             -2.5438288019414010e-03, 1.5997705690121264e-03,
             -9.5568787760919082e-05, 1.7317936553279823e-04, 0.,
             3.1695278887347014e-03, -2.0063317145262026e-03,
             -7.1818596798862398e-03, 1.1819646520819838e-02,
             -3.3418914388784894e-04, -1.2806663949444718e-02,
             5.8476902651246592e-03, -9.5568787760919082e-05,
             1.0874714450205593e-03, -1.8601659546400818e-03, 0.,
             -5.4362882921531099e-03, 3.4474532994935563e-03,
             1.2273605547508911e-02, -2.0247233161407852e-02,
             5.9168672725319193e-04, 2.1887159292854320e-02,
             -1.0023160942301662e-02, 1.7317936553279823e-04,
             -1.8601659546400818e-03, 3.1819687478461429e-03 ]
      - !!opencv-matrix
         rows: 11
         cols: 11
         dt: d
         data: [ 0., 0., 0., 0., 0., 0., 0., 0., 0., 0., 0., 0.,
             1.5132807201121760e-02, -3.3295527052805307e-02,
             -5.6663805359359110e-02, 1.6900707413929603e-02,
             -2.2203205107515925e-03, 1.1633023311156577e-02,
             3.9432708345813743e-02, -1.4157588614496893e-02,
             -4.3090220778494899e-03, 4.1637542011104759e-03, 0.,
             -3.3295527052805307e-02, 1.0108198358690748e-01,
             1.2944333579584871e-01, -4.7182635215788200e-02,
             -4.2173428085741593e-02, 2.1535657151115868e-03,
             -1.0223040437347973e-01, 5.0473361489462527e-02,
             7.1033973049423604e-03, -6.0530435916944982e-03, 0.,
             -5.6663805359359110e-02, 1.2944333579584871e-01,
             3.5174451953951080e-01, -1.2802691114039372e-01,
             1.7197518081725660e-01, -1.8097136300246416e-01,
             -1.8219972620719302e-01, 6.5040791858156935e-02,
             3.8312244091231622e-02, -3.9518092046829385e-02, 0.,
             1.6900707413929603e-02, -4.7182635215788200e-02,
             -1.2802691114039372e-01, 6.6388641622795341e-02,
             -7.3223523676798796e-02, 8.0174278858905879e-02,
             6.5077328565676301e-02, -2.9323592836290619e-02,
             -1.5316839764306707e-02, 1.6121628931421429e-02, 0.,
             -2.2203205107515925e-03, -4.2173428085741593e-02,
             1.7197518081725660e-01, -7.3223523676798796e-02,
             3.1165672890713980e-01, -2.2364122960628477e-01,
             -2.0084265822870546e-02, -1.8796511366745920e-02,
             3.3426627062847651e-02, -3.7443202078178778e-02, 0.,
             1.1633023311156577e-02, 2.1535657151115868e-03,
             -1.8097136300246416e-01, 8.0174278858905879e-02,
             -2.2364122960628477e-01, 1.9908015624278719e-01,
             4.8144785327629620e-02, -3.1313252133795106e-03,
             -2.9662814049748788e-02, 3.2345779722095978e-02, 0.,
             3.9432708345813743e-02, -1.0223040437347973e-01,
             -1.8219972620719302e-01, 6.5077328565676301e-02,
             -2.0084265822870546e-02, 4.8144785327629620e-02,
             1.1875946888108438e-01, -4.9790718931476796e-02,
             -1.5173316927360772e-02, 1.4850703181091067e-02, 0.,
             -1.4157588614496893e-02, 5.0473361489462527e-02,
             6.5040791858156935e-02, -2.9323592836290619e-02,
             -1.8796511366745920e-02, -3.1313252133795106e-03,
             -4.9790718931476796e-02, 2.7688671857957266e-02,
             3.9813795751588929e-03, -3.5086185708315572e-03, 0.,
             -4.3090220778494899e-03, 7.1033973049423604e-03,
             3.8312244091231622e-02, -1.5316839764306707e-02,
             3.3426627062847651e-02, -2.9662814049748788e-02,
             -1.5173316927360772e-02, 3.9813795751588929e-03,
             5.1884301809044303e-03, -5.5442137924471167e-03, 0.,
             4.1637542011104759e-03, -6.0530435916944982e-03,
             -3.9518092046829385e-02, 1.6121628931421429e-02,
             -3.7443202078178778e-02, 3.2345779722095978e-02,
             1.4850703181091067e-02, -3.5086185708315572e-03,
             -5.5442137924471167e-03, 5.9597729238313607e-03 ]
      - !!opencv-matrix
         rows: 11
         cols: 11
         dt: d
         data: [ 0., 0., 0., 0., 0., 0., 0., 0., 0., 0., 0., 0.,
             2.6098606819512121e-02, 4.1160614673419360e-02,
             -1.6421936044823629e-02, -6.6991172654723041e-02,
             -7.2207513624713256e-03, 5.8757470913791731e-03,
             -6.7844722453792279e-03, 5.2890238153446179e-02,
             -3.3825581374093134e-03, 3.9780866124762611e-03, 0.,
             4.1160614673419360e-02, 2.0403278711553399e-01,
             6.2034734579436757e-02, -2.7698076934869809e-01,
             -1.3151020081977112e-02, 3.4734315637841309e-02,
             -1.1158239470059342e-01, 1.9638400362043673e-01,
             -1.5473079881582728e-02, 1.7981475756188508e-02, 0.,
             -1.6421936044823629e-02, 6.2034734579436757e-02,
             6.9793905894746447e-02, -7.5002164344992905e-02,
             1.1536397370836643e-02, -9.3097000194235232e-05,
             -6.0773931230905534e-02, 3.9628932047204704e-02,
             -5.5126837402735785e-03, 6.3244121942921290e-03, 0.,
             -6.6991172654723041e-02, -2.7698076934869809e-01,
             -7.5002164344992905e-02, 4.2930544584899338e-01,
             -6.4511624086308261e-03, 2.1394923135545037e-02,
             1.4618551823200485e-01, -2.8339198692604117e-01,
             2.7308694393669283e-02, -3.1770407599274693e-02, 0.,
             -7.2207513624713256e-03, -1.3151020081977112e-02,
             1.1536397370836643e-02, -6.4511624086308261e-03,
             2.1829646700438899e-02, -4.1078819769696955e-02,
             -4.7105079445975213e-05, -1.1246210364295331e-02,
             -2.6201232639067326e-03, 3.0274700085191736e-03, 0.,
             5.8757470913791731e-03, 3.4734315637841309e-02,
             -9.3097000194235232e-05, 2.1394923135545037e-02,
             -4.1078819769696955e-02, 1.0542431006360878e-01,
             -1.3452688929538249e-02, 2.0112413340120414e-02,
             6.3769655572287337e-03, -7.4226539871134964e-03, 0.,
             -6.7844722453792279e-03, -1.1158239470059342e-01,
             -6.0773931230905534e-02, 1.4618551823200485e-01,
             -4.7105079445975213e-05, -1.3452688929538249e-02,
             7.5439575921523797e-02, -9.6478401247942408e-02,
             8.8429399170709740e-03, -1.0234147688202078e-02, 0.,
             5.2890238153446179e-02, 1.9638400362043673e-01,
             3.9628932047204704e-02, -2.8339198692604117e-01,
             -1.1246210364295331e-02, 2.0112413340120414e-02,
             -9.6478401247942408e-02, 2.0048901558477381e-01,
             -1.6211822989011301e-02, 1.8876457575406857e-02, 0.,
             -3.3825581374093134e-03, -1.5473079881582728e-02,
             -5.5126837402735785e-03, 2.7308694393669283e-02,
             -2.6201232639067326e-03, 6.3769655572287337e-03,
             8.8429399170709740e-03, -1.6211822989011301e-02,
             2.0012278131271602e-03, -2.3268649157388911e-03, 0.,
             3.9780866124762611e-03, 1.7981475756188508e-02,
             6.3244121942921290e-03, -3.1770407599274693e-02,
             3.0274700085191736e-03, -7.4226539871134964e-03,
             -1.0234147688202078e-02, 1.8876457575406857e-02,
             -2.3268649157388911e-03, 2.7056319544206866e-03 ]
      - !!opencv-matrix
         rows: 11
         cols: 11
         dt: d
         data: [ 0., 0., 0., 0., 0., 0., 0., 0., 0., 0., 0., 0.,
             2.1048424491392878e-03, 3.0200409753330343e-03,
             -3.4171542795547231e-03, 2.2567962358345391e-03,
             -8.3204000118360577e-04, -4.7106893571966261e-03,
             1.0624962402187943e-03, 3.5270201852188429e-03,
             8.9898751167304924e-05, -1.9311739536559936e-04, 0.,
             3.0200409753330343e-03, 9.6670282108597669e-02,
             -1.1333624857363243e-01, -5.8365097237001673e-02,
             -5.5091208229562537e-03, -4.1599845443365084e-02,
             -3.8763549565218373e-02, 9.5621378833705056e-02,
             -2.9040329110687664e-03, 6.5084461693846558e-03, 0.,
             -3.4171542795547231e-03, -1.1333624857363243e-01,
             1.3803701325853740e-01, 7.3611330551552404e-02,
             6.1194835862583650e-03, 3.7253058225317742e-02,
             4.6447270212449883e-02, -1.1322699357771895e-01,
             4.0027573253768088e-03, -8.9578120464006913e-03, 0.,
             2.2567962358345391e-03, -5.8365097237001673e-02,
             7.3611330551552404e-02, 4.8713964100969433e-02,
             2.1553314712725513e-03, 6.8204336058010160e-03,
             2.8934733674604602e-02, -5.7754613193951809e-02,
             2.7137063233935417e-03, -6.0506554828477508e-03, 0.,
             -8.3204000118360577e-04, -5.5091208229562537e-03,
             6.1194835862583650e-03, 2.1553314712725513e-03,
             9.8451897371067782e-04, 3.6196225069490629e-03,
             1.5020889271994307e-03, -5.5729820622081499e-03,
             1.0287878346145497e-04, -2.3188067351698305e-04, 0.,
             -4.7106893571966261e-03, -4.1599845443365084e-02,
             3.7253058225317742e-02, 6.8204336058010160e-03,
             3.6196225069490629e-03, 4.9138695363136482e-02,
             1.0826508403024668e-02, -3.9516748122182012e-02,
             -3.8181789000901441e-04, 8.1138067174952872e-04, 0.,
             1.0624962402187943e-03, -3.8763549565218373e-02,
             4.6447270212449883e-02, 2.8934733674604602e-02,
             1.5020889271994307e-03, 1.0826508403024668e-02,
             1.8276703847574852e-02, -3.7928091706735979e-02,
             1.4730839147853194e-03, -3.2894445187734113e-03, 0.,
             3.5270201852188429e-03, 9.5621378833705056e-02,
             -1.1322699357771895e-01, -5.7754613193951809e-02,
             -5.5729820622081499e-03, -3.9516748122182012e-02,
             -3.7928091706735979e-02, 9.4987396205795147e-02,
             -2.9563595838610645e-03, 6.6250879318536047e-03, 0.,
             8.9898751167304924e-05, -2.9040329110687664e-03,
             4.0027573253768088e-03, 2.7137063233935417e-03,
             1.0287878346145497e-04, -3.8181789000901441e-04,
             1.4730839147853194e-03, -2.9563595838610645e-03,
             1.7249064851972671e-04, -3.8424860208410616e-04, 0.,
             -1.9311739536559936e-04, 6.5084461693846558e-03,
             -8.9578120464006913e-03, -6.0506554828477508e-03,
             -2.3188067351698305e-04, 8.1138067174952872e-04,
             -3.2894445187734113e-03, 6.6250879318536047e-03,
             -3.8424860208410616e-04, 8.5601547237912779e-04 ]
      - !!opencv-matrix
         rows: 11
         cols: 11
         dt: d
         data: [ 0., 0., 0., 0., 0., 0., 0., 0., 0., 0., 0., 0.,
             5.6203207868505502e-02, -6.4931557072605093e-03,
             2.2491653277047385e-02, -4.1126815816448642e-02,
             -1.4609939295889837e-01, 7.2030201504275804e-02,
             3.4409566294355091e-02, 1.1508319702243218e-02,
             8.8498473511679897e-03, -1.8992165083953669e-02, 0.,
             -6.4931557072605093e-03, 1.7943650083415274e-03,
             -6.7425347101596829e-04, 5.9047864264157590e-03,
             1.5237346969180979e-02, -1.2414644778069547e-02,
             -4.1746767442658256e-03, -9.7875974790627950e-04,
             -1.0354202963089244e-03, 2.2379748721341611e-03, 0.,
             2.2491653277047385e-02, -6.7425347101596829e-04,
             5.5637975270127753e-02, -9.0427348679778696e-02,
             -1.7398529994689230e-01, 7.4716468160130264e-02,
             -4.3278901983638150e-03, -1.0410149819565942e-03,
             1.1420960069966749e-02, -2.4473422372723472e-02, 0.,
             -4.1126815816448642e-02, 5.9047864264157590e-03,
             -9.0427348679778696e-02, 1.7438717177789370e-01,
             3.1118190513723937e-01, -1.6096992020114287e-01,
             7.7318953212593957e-03, 2.7911634136875592e-03,
             -2.1126262759970191e-02, 4.5363279836422535e-02, 0.,
             -1.4609939295889837e-01, 1.5237346969180979e-02,
             -1.7398529994689230e-01, 3.1118190513723937e-01,
             6.8244028977953775e-01, -3.2837399814320112e-01,
             -4.1279582125842373e-02, -1.4286291431048960e-02,
             -4.4203522358396273e-02, 9.4836621246861361e-02, 0.,
             7.2030201504275804e-02, -1.2414644778069547e-02,
             7.4716468160130264e-02, -1.6096992020114287e-01,
             -3.2837399814320112e-01, 1.8480214100014247e-01,
             2.0917866771397120e-02, 5.8830165460223467e-03,
             2.1931801945745032e-02, -4.7142306937705727e-02, 0.,
             3.4409566294355091e-02, -4.1746767442658256e-03,
             -4.3278901983638150e-03, 7.7318953212593957e-03,
             -4.1279582125842373e-02, 2.0917866771397120e-02,
             2.8784010328707945e-02, 9.5075767510282051e-03,
             2.0254255356464772e-03, -4.3483300580784588e-03, 0.,
             1.1508319702243218e-02, -9.7875974790627950e-04,
             -1.0410149819565942e-03, 2.7911634136875592e-03,
             -1.4286291431048960e-02, 5.8830165460223467e-03,
             9.5075767510282051e-03, 3.4028832282684638e-03,
             6.7615472193052653e-04, -1.4474313427761711e-03, 0.,
             8.8498473511679897e-03, -1.0354202963089244e-03,
             1.1420960069966749e-02, -2.1126262759970191e-02,
             -4.4203522358396273e-02, 2.1931801945745032e-02,
             2.0254255356464772e-03, 6.7615472193052653e-04,
             2.8972523955832583e-03, -6.2181257664433347e-03, 0.,
             -1.8992165083953669e-02, 2.2379748721341611e-03,
             -2.4473422372723472e-02, 4.5363279836422535e-02,
             9.4836621246861361e-02, -4.7142306937705727e-02,
             -4.3483300580784588e-03, -1.4474313427761711e-03,
             -6.2181257664433347e-03, 1.3345724971685007e-02 ]
