%YAML:1.0
---
periods: [ 6235, 5929, 6795, 6171, 604800 ]
order: 5
positives: 65
negatives: 135
corrective: .Nan
ModelPositive:
   format: 3
   training_params:
      nclusters: 5
      cov_mat_type: generic
      epsilon: 9.9999999999999995e-07
      iterations: 100
   weights: !!opencv-matrix
      rows: 1
      cols: 5
      dt: d
      data: [ 3.0769230769230771e-01, 2.4615384615384617e-01,
          1.5384615384615385e-01, 7.6923076923076927e-02,
          2.1538461538461540e-01 ]
   means: !!opencv-matrix
      rows: 5
      cols: 11
      dt: d
      data: [ 1., -8.4187043309211740e-01, -4.9790941029787067e-01,
          2.7910864334553481e-01, -9.4223961830139169e-01,
          9.5848783850669868e-03, 9.2135261297225957e-01,
          -6.8322852998971939e-01, -7.0388525873422625e-01,
          9.6472576260566711e-01, 2.6140001639723781e-01, 1.,
          -7.8931500017642975e-01, 5.9268189780414104e-01,
          -9.3487071245908737e-01, 3.0275617068400607e-01,
          -3.6455951107200235e-01, 8.7243515253067017e-01,
          -8.2779845967888832e-01, 5.3947590291500092e-01,
          9.9733364954590797e-01, 6.6151666338555515e-02, 1.,
          -7.5611197669059049e-02, -9.8208039999008179e-01,
          7.1292117834091195e-01, -6.7736893892288208e-01,
          -9.8447886705398568e-01, -7.5248016277328134e-02,
          9.9835170805454260e-02, -9.7960098981857302e-01,
          9.8431521654129028e-01, 1.7640958577394486e-01, 1.,
          4.4851555824279787e-01, -6.6347290277481086e-01,
          2.1747547388076782e-01, 9.1988550424575810e-01,
          -8.4454461336135866e-01, 4.7804786115884784e-01,
          7.6180644705891609e-01, -4.6750731468200685e-01,
          8.6970402002334601e-01, 4.5200761556625368e-01, 1.,
          -9.7589910881859909e-01, 1.3434113172947296e-01,
          -9.3015576260430466e-01, -2.3839092321161712e-01,
          -7.1324848490101944e-01, 6.6952132114342278e-01,
          -9.8016597543443951e-01, 5.8028791898063245e-02,
          9.9656376242637634e-01, 7.7140999691826959e-02 ]
   covs:
      - !!opencv-matrix
         rows: 11
         cols: 11
         dt: d
         data: [ 0., 0., 0., 0., 0., 0., 0., 0., 0., 0., 0., 0.,
             1.1513361491367356e-02, -1.8477388371277294e-02,
             1.2961756800207946e-02, 3.8868816750722611e-03,
             -3.3870928000871076e-02, -7.5949082269549011e-04,
             1.4743946428125869e-02, -1.3731513275492458e-02,
             4.4293565854545123e-04, -1.6310309992730726e-03, 0.,
             -1.8477388371277294e-02, 3.1827033442537588e-02,
             -2.1945324057038102e-02, -6.4725941445382606e-03,
             5.7242973335414588e-02, -1.2531155716894384e-03,
             -2.4267959471874448e-02, 2.3898674035488666e-02,
             -7.4680509109357194e-04, 2.7583401252183250e-03, 0.,
             1.2961756800207946e-02, -2.1945324057038102e-02,
             3.1300335621180612e-02, 9.1950952158660944e-03,
             -1.2989218930166158e-02, 6.8332620356435095e-05,
             1.9338698960113483e-02, -1.8807923581735941e-02,
             -3.7000084037145948e-04, 1.3659617311740100e-03, 0.,
             3.8868816750722611e-03, -6.4725941445382606e-03,
             9.1950952158660944e-03, 2.9825190297641056e-03,
             -3.8450820028970781e-03, 2.6555649212262717e-04,
             5.7959153751417254e-03, -5.5017794699856104e-03,
             -1.1000396813383163e-04, 4.0451490856473720e-04, 0.,
             -3.3870928000871076e-02, 5.7242973335414588e-02,
             -1.2989218930166158e-02, -3.8450820028970781e-03,
             1.4766397000982018e-01, -1.5014498654966877e-03,
             -4.0149577761059090e-02, 3.8956865160461047e-02,
             -2.8222225924796618e-03, 1.0415599725839688e-02, 0.,
             -7.5949082269549011e-04, -1.2531155716894384e-03,
             6.8332620356435095e-05, 2.6555649212262717e-04,
             -1.5014498654966877e-03, 3.3534947668380968e-03,
             -2.7782791642545508e-04, -1.1218320898301395e-03,
             2.6313356603324673e-05, -1.0917975188029061e-04, 0.,
             1.4743946428125869e-02, -2.4267959471874448e-02,
             1.9338698960113483e-02, 5.7959153751417254e-03,
             -4.0149577761059090e-02, -2.7782791642545508e-04,
             1.9421935096426327e-02, -1.8455272197991559e-02,
             4.4302570669985109e-04, -1.6328405503818477e-03, 0.,
             -1.3731513275492458e-02, 2.3898674035488666e-02,
             -1.8807923581735941e-02, -5.5017794699856104e-03,
             3.8956865160461047e-02, -1.1218320898301395e-03,
             -1.8455272197991559e-02, 1.8322376890359007e-02,
             -4.2891548024450723e-04, 1.5852232321126568e-03, 0.,
             4.4293565854545123e-04, -7.4680509109357194e-04,
             -3.7000084037145948e-04, -1.1000396813383163e-04,
             -2.8222225924796618e-03, 2.6313356603324673e-05,
             4.4302570669985109e-04, -4.2891548024450723e-04,
             6.6637719540274537e-05, -2.4592236145071222e-04, 0.,
             -1.6310309992730726e-03, 2.7583401252183250e-03,
             1.3659617311740100e-03, 4.0451490856473720e-04,
             1.0415599725839688e-02, -1.0917975188029061e-04,
             -1.6328405503818477e-03, 1.5852232321126568e-03,
             -2.4592236145071222e-04, 9.0760672095551798e-04 ]
      - !!opencv-matrix
         rows: 11
         cols: 11
         dt: d
         data: [ 0., 0., 0., 0., 0., 0., 0., 0., 0., 0., 0., 0.,
             1.0027268541274337e-02, 1.2369598172675883e-02,
             2.9636679228669527e-03, 1.0635706482485368e-02,
             2.1690704854925403e-02, 7.8726596233134050e-03,
             8.5181285437769261e-03, 1.2294548370218261e-02,
             -5.3827950640517042e-05, 9.7665103219118660e-04, 0.,
             1.2369598172675883e-02, 1.5682735436829069e-02,
             3.7969998532043775e-03, 1.3897978434482332e-02,
             2.6231655646234524e-02, 9.9000852838948550e-03,
             1.0551377686298314e-02, 1.5652085440567148e-02,
             -6.1171018569443347e-05, 1.1105214894782315e-03, 0.,
             2.9636679228669527e-03, 3.7969998532043775e-03,
             2.7936165983230565e-03, 8.8481317735796972e-03,
             -1.8686130734974331e-03, -1.8435471113300572e-03,
             3.1537768818355183e-03, 4.7776274917519235e-03,
             5.3540288312364792e-05, -9.0172012762539003e-04, 0.,
             1.0635706482485368e-02, 1.3897978434482332e-02,
             8.8481317735796972e-03, 3.1561815408607745e-02,
             -4.9344674298422327e-03, -6.9171082551503305e-03,
             1.1071494552245417e-02, 1.7376950745641502e-02,
             1.8542154362967780e-04, -3.0910205589016826e-03, 0.,
             2.1690704854925403e-02, 2.6231655646234524e-02,
             -1.8686130734974331e-03, -4.9344674298422327e-03,
             8.6500251693933522e-02, 3.8846268107344734e-02,
             1.5513153080701133e-02, 2.1076773013443406e-02,
             -4.5665436041675170e-04, 7.9049370959061848e-03, 0.,
             7.8726596233134050e-03, 9.9000852838948550e-03,
             -1.8435471113300572e-03, -6.9171082551503305e-03,
             3.8846268107344734e-02, 1.9453012577431927e-02,
             5.1391262613524891e-03, 7.0037609652696675e-03,
             -2.3242895293096311e-04, 3.9836660258440390e-03, 0.,
             8.5181285437769261e-03, 1.0551377686298314e-02,
             3.1537768818355183e-03, 1.1071494552245417e-02,
             1.5513153080701133e-02, 5.1391262613524891e-03,
             7.4543791837213685e-03, 1.0849076605869257e-02,
             -2.0934405446135229e-05, 4.0641270144267595e-04, 0.,
             1.2294548370218261e-02, 1.5652085440567148e-02,
             4.7776274917519235e-03, 1.7376950745641502e-02,
             2.1076773013443406e-02, 7.0037609652696675e-03,
             1.0849076605869257e-02, 1.6261074034516265e-02,
             -1.7462990279104584e-05, 3.6768934813190767e-04, 0.,
